(255, 255, 253)
(255, 255, 253)
(254, 255, 255)
(254, 255, 255)
(254, 255, 255)
(254, 255, 255)
(254, 255, 255)
(255, 255, 253)
(255, 255, 253)
(254, 255, 255)
(255, 255, 253)
(255, 254, 255)
(255, 254, 255)
(254, 255, 255)
(254, 255, 255)
(255, 254, 255)
(255, 254, 255)
(255, 255, 253)
(255, 255, 253)
(255, 255, 253)
(254, 255, 255)
(255, 254, 255)
(254, 255, 255)
(255, 255, 253)
(254, 255, 255)
(255, 255, 253)
(254, 255, 255)
(255, 255, 253)
(255, 255, 253)
(254, 254, 254)
(255, 254, 250)
(255, 254, 251)
(253, 254, 255)
(252, 255, 255)
(252, 253, 255)
(254, 254, 255)
(255, 254, 255)
(250, 255, 251)
(249, 254, 250)
(253, 251, 254)
(255, 255, 253)
(255, 255, 253)
(252, 255, 255)
(252, 255, 255)
(255, 253, 254)
(255, 254, 255)
(255, 255, 253)
(254, 254, 252)
(255, 254, 255)
(255, 253, 254)
(254, 255, 255)
(254, 255, 255)
(255, 254, 255)
(253, 251, 252)
(255, 255, 253)
(250, 250, 248)
(255, 255, 253)
(255, 255, 253)
(255, 255, 253)
(252, 254, 253)
(254, 255, 255)
(254, 255, 255)
(253, 253, 253)
(254, 255, 255)
(255, 254, 255)
(253, 251, 252)
(254, 255, 255)
(254, 255, 255)
(255, 254, 255)
(255, 254, 255)
(249, 251, 250)
(254, 255, 255)
(253, 253, 253)
(255, 254, 255)
(254, 255, 255)
(254, 252, 253)
(254, 253, 251)
(255, 254, 251)
(255, 254, 250)
(254, 255, 255)
(254, 255, 255)
(255, 253, 254)
(255, 255, 253)
(254, 255, 255)
(252, 255, 255)
(254, 255, 255)
(255, 254, 252)
(255, 255, 251)
(255, 254, 253)
(255, 255, 253)
(253, 254, 255)
(253, 254, 255)
(254, 255, 255)
(255, 254, 253)
(255, 255, 253)
(252, 255, 255)
(252, 255, 255)
(255, 255, 253)
(254, 255, 255)
(253, 255, 254)
(255, 251, 255)
(255, 253, 255)
(254, 254, 254)
(254, 255, 253)
(252, 253, 255)
(254, 255, 255)
(254, 255, 250)
(254, 253, 248)
(255, 254, 251)
(255, 255, 253)
(252, 253, 255)
(252, 255, 255)
(254, 255, 255)
(255, 253, 254)
(255, 254, 253)
(255, 255, 253)
(254, 255, 255)
(251, 255, 255)
(252, 253, 255)
(255, 255, 253)
(255, 255, 253)
(255, 252, 249)
(255, 254, 252)
(254, 255, 255)
(249, 253, 255)
(254, 255, 255)
(255, 255, 253)
(255, 255, 253)
(254, 255, 255)
(255, 255, 253)
(255, 254, 253)
(255, 255, 253)
(254, 254, 252)
(255, 250, 247)
(255, 254, 250)
(252, 255, 255)
(248, 253, 255)
(251, 255, 255)
(255, 254, 255)
(252, 255, 253)
(251, 255, 253)
(255, 254, 255)
(255, 253, 255)
(254, 253, 251)
(255, 255, 253)
(251, 255, 255)
(251, 255, 254)
(255, 254, 255)
(255, 253, 252)
(254, 254, 252)
(255, 255, 253)
(255, 253, 254)
(255, 254, 255)
(252, 252, 252)
(254, 252, 253)
(252, 255, 255)
(252, 255, 255)
(254, 252, 253)
(255, 254, 255)
(253, 253, 251)
(255, 255, 253)
(255, 254, 253)
(255, 251, 250)
(253, 253, 251)
(254, 255, 255)
(254, 255, 255)
(254, 255, 255)
(254, 254, 254)
(254, 255, 255)
(255, 254, 255)
(255, 254, 255)
(254, 255, 255)
(253, 255, 254)
(253, 251, 252)
(254, 252, 253)
(252, 254, 253)
(254, 255, 255)
(255, 254, 255)
(254, 254, 254)
(252, 252, 252)
(252, 254, 253)
(253, 253, 253)
(255, 254, 255)
(255, 254, 253)
(255, 255, 250)
(254, 253, 249)
(252, 255, 255)
(250, 254, 255)
(255, 254, 255)
(255, 254, 251)
(254, 255, 255)
(249, 253, 254)
(253, 254, 255)
(255, 251, 250)
(255, 255, 251)
(253, 255, 254)
(255, 254, 251)
(255, 253, 252)
(254, 255, 255)
(252, 255, 255)
(253, 254, 255)
(254, 254, 255)
(254, 255, 255)
(255, 254, 251)
(255, 255, 253)
(252, 255, 255)
(252, 255, 255)
(255, 255, 253)
(255, 255, 251)
(251, 255, 254)
(253, 255, 254)
(255, 253, 255)
(255, 253, 255)
(255, 254, 255)
(255, 255, 253)
(255, 254, 255)
(248, 248, 250)
(255, 255, 251)
(255, 255, 250)
(251, 248, 243)
(255, 255, 251)
(254, 255, 255)
(252, 255, 255)
(254, 255, 255)
(255, 254, 255)
(255, 254, 251)
(255, 254, 250)
(251, 252, 255)
(252, 255, 255)
(254, 255, 255)
(254, 254, 254)
(255, 255, 253)
(255, 255, 251)
(255, 254, 251)
(255, 255, 253)
(251, 252, 255)
(252, 255, 255)
(254, 255, 255)
(253, 253, 253)
(255, 255, 253)
(255, 255, 253)
(254, 255, 255)
(255, 255, 253)
(255, 254, 253)
(255, 255, 253)
(252, 252, 252)
(255, 255, 253)
(255, 251, 248)
(255, 254, 250)
(247, 251, 254)
(251, 255, 255)
(252, 255, 255)
(252, 252, 254)
(255, 253, 254)
(249, 249, 249)
(252, 255, 255)
(249, 255, 253)
(254, 252, 253)
(255, 254, 255)
(254, 252, 253)
(251, 255, 255)
(251, 255, 254)
(255, 255, 253)
(255, 254, 253)
(255, 253, 254)
(255, 255, 253)
(255, 255, 253)
(247, 251, 250)
(250, 252, 251)
(255, 254, 255)
(253, 251, 252)
(253, 253, 251)
(255, 255, 253)
(255, 252, 249)
(255, 253, 252)
(252, 255, 255)
(250, 251, 253)
(254, 255, 255)
(253, 253, 253)
(254, 255, 255)
(254, 254, 254)
(253, 251, 252)
(254, 252, 253)
(248, 250, 249)
(254, 255, 255)
(255, 254, 255)
(250, 248, 249)
(254, 255, 255)
(254, 255, 255)
(252, 252, 252)
(253, 251, 252)
(254, 255, 255)
(252, 252, 252)
(254, 252, 253)
(255, 254, 253)
(255, 253, 248)
(255, 255, 251)
(252, 255, 255)
(251, 255, 255)
(255, 254, 255)
(255, 251, 248)
(252, 255, 255)
(253, 254, 255)
(255, 254, 253)
(255, 255, 251)
(252, 253, 255)
(254, 255, 255)
(255, 254, 251)
(253, 252, 248)
(252, 255, 255)
(250, 255, 255)
(253, 254, 255)
(255, 255, 253)
(255, 255, 253)
(254, 255, 255)
(252, 255, 255)
(255, 255, 253)
(255, 255, 251)
(254, 255, 255)
(254, 255, 255)
(255, 253, 255)
(255, 252, 255)
(255, 253, 254)
(254, 254, 252)
(254, 254, 254)
(254, 254, 254)
(252, 252, 250)
(255, 255, 251)
(255, 255, 248)
(255, 255, 251)
(254, 255, 255)
(247, 250, 255)
(254, 255, 255)
(255, 253, 254)
(255, 254, 251)
(255, 255, 251)
(251, 252, 255)
(252, 255, 255)
(252, 253, 255)
(255, 255, 253)
(255, 255, 251)
(255, 251, 248)
(255, 254, 252)
(254, 255, 255)
(252, 255, 255)
(253, 254, 255)
(255, 255, 253)
(255, 255, 253)
(254, 255, 255)
(255, 255, 253)
(255, 254, 253)
(255, 255, 253)
(254, 254, 252)
(255, 253, 250)
(249, 244, 240)
(198, 202, 205)
(187, 192, 196)
(202, 206, 209)
(221, 219, 220)
(210, 210, 210)
(247, 251, 252)
(251, 255, 255)
(255, 255, 253)
(255, 254, 253)
(255, 253, 254)
(253, 253, 253)
(251, 255, 254)
(251, 255, 252)
(255, 255, 253)
(255, 255, 253)
(255, 254, 255)
(255, 253, 254)
(255, 254, 252)
(255, 255, 253)
(250, 250, 248)
(254, 255, 255)
(254, 255, 255)
(254, 255, 255)
(244, 242, 243)
(199, 197, 198)
(198, 198, 198)
(236, 236, 234)
(255, 254, 251)
(255, 254, 251)
(251, 252, 254)
(252, 255, 255)
(254, 255, 255)
(253, 254, 255)
(254, 254, 254)
(254, 255, 255)
(254, 254, 254)
(214, 212, 213)
(210, 208, 209)
(251, 253, 252)
(254, 255, 255)
(218, 216, 217)
(209, 207, 208)
(245, 247, 246)
(254, 255, 255)
(255, 254, 255)
(253, 253, 253)
(252, 254, 253)
(255, 255, 253)
(255, 252, 248)
(255, 253, 250)
(249, 253, 255)
(251, 255, 255)
(255, 253, 254)
(255, 254, 251)
(254, 254, 254)
(254, 255, 255)
(249, 253, 255)
(251, 252, 254)
(255, 252, 251)
(255, 254, 251)
(252, 255, 255)
(249, 253, 254)
(255, 252, 247)
(255, 255, 251)
(252, 255, 255)
(251, 255, 255)
(252, 253, 255)
(254, 255, 255)
(254, 255, 255)
(255, 255, 253)
(255, 255, 253)
(253, 255, 254)
(252, 254, 253)
(255, 254, 255)
(255, 254, 255)
(255, 254, 253)
(253, 252, 250)
(253, 255, 254)
(254, 255, 255)
(255, 253, 254)
(255, 253, 254)
(254, 255, 255)
(254, 255, 253)
(255, 254, 247)
(255, 255, 250)
(250, 253, 255)
(252, 255, 255)
(252, 253, 255)
(255, 254, 255)
(255, 254, 251)
(251, 250, 246)
(254, 255, 255)
(252, 255, 255)
(251, 252, 254)
(252, 252, 250)
(255, 254, 250)
(203, 199, 196)
(199, 198, 196)
(237, 238, 242)
(251, 254, 255)
(251, 252, 254)
(255, 255, 253)
(255, 255, 253)
(254, 255, 255)
(255, 255, 253)
(255, 254, 253)
(255, 255, 253)
(254, 254, 254)
(252, 252, 250)
(255, 253, 250)
(213, 208, 204)
(209, 213, 216)
(251, 255, 255)
(249, 253, 255)
(254, 254, 255)
(219, 217, 218)
(202, 202, 202)
(249, 253, 254)
(250, 255, 255)
(255, 254, 252)
(255, 251, 248)
(255, 254, 255)
(253, 253, 255)
(252, 255, 255)
(252, 255, 253)
(252, 252, 250)
(255, 255, 253)
(255, 254, 255)
(253, 251, 254)
(255, 255, 253)
(253, 252, 248)
(255, 255, 253)
(254, 255, 255)
(249, 250, 252)
(253, 255, 254)
(252, 252, 250)
(233, 231, 232)
(207, 207, 207)
(250, 252, 251)
(255, 255, 253)
(255, 252, 249)
(236, 231, 228)
(193, 194, 196)
(190, 195, 198)
(192, 193, 195)
(196, 196, 196)
(212, 212, 212)
(252, 252, 252)
(254, 255, 255)
(251, 251, 251)
(216, 214, 215)
(205, 203, 204)
(252, 254, 253)
(254, 255, 255)
(222, 220, 221)
(207, 205, 206)
(251, 253, 252)
(254, 255, 255)
(255, 254, 255)
(254, 254, 254)
(253, 252, 250)
(255, 253, 249)
(235, 231, 228)
(193, 197, 200)
(192, 197, 200)
(194, 192, 193)
(198, 194, 191)
(211, 209, 210)
(252, 253, 255)
(252, 255, 255)
(252, 255, 255)
(245, 241, 240)
(196, 192, 189)
(234, 238, 239)
(252, 255, 255)
(255, 255, 250)
(238, 235, 230)
(194, 199, 203)
(231, 238, 244)
(254, 255, 255)
(255, 255, 253)
(254, 255, 255)
(255, 255, 253)
(255, 255, 253)
(254, 255, 255)
(255, 254, 255)
(254, 250, 249)
(232, 228, 227)
(199, 197, 198)
(196, 197, 199)
(194, 195, 197)
(195, 194, 192)
(215, 213, 214)
(251, 255, 255)
(252, 255, 255)
(254, 251, 242)
(245, 242, 235)
(192, 195, 200)
(233, 237, 246)
(254, 255, 255)
(255, 254, 255)
(240, 236, 233)
(200, 199, 195)
(235, 236, 240)
(250, 254, 255)
(254, 255, 255)
(255, 255, 253)
(252, 251, 247)
(255, 254, 251)
(221, 220, 218)
(209, 210, 214)
(252, 255, 255)
(251, 252, 254)
(255, 255, 253)
(255, 255, 253)
(254, 255, 255)
(255, 255, 253)
(255, 254, 253)
(255, 255, 253)
(251, 251, 249)
(255, 253, 250)
(203, 198, 194)
(217, 221, 224)
(251, 255, 255)
(252, 255, 255)
(218, 216, 217)
(206, 204, 205)
(251, 255, 255)
(252, 255, 255)
(252, 251, 247)
(255, 255, 251)
(255, 254, 255)
(253, 253, 255)
(252, 254, 253)
(254, 255, 253)
(254, 254, 252)
(255, 255, 253)
(255, 254, 255)
(255, 253, 255)
(253, 253, 251)
(255, 255, 251)
(255, 255, 253)
(252, 255, 255)
(252, 255, 255)
(255, 255, 253)
(255, 254, 250)
(223, 221, 222)
(210, 210, 212)
(254, 255, 255)
(255, 255, 253)
(255, 248, 245)
(234, 226, 223)
(205, 209, 212)
(247, 252, 255)
(254, 255, 255)
(252, 252, 252)
(201, 201, 201)
(208, 208, 208)
(249, 251, 250)
(252, 250, 251)
(254, 252, 253)
(254, 255, 255)
(252, 254, 253)
(220, 218, 219)
(205, 203, 204)
(252, 254, 253)
(254, 255, 255)
(255, 253, 254)
(254, 254, 254)
(254, 255, 255)
(253, 253, 251)
(255, 253, 250)
(233, 228, 225)
(205, 210, 213)
(244, 252, 255)
(254, 250, 249)
(207, 205, 206)
(208, 208, 210)
(244, 249, 252)
(252, 255, 255)
(239, 235, 232)
(201, 197, 194)
(239, 243, 246)
(249, 253, 254)
(255, 252, 246)
(244, 241, 236)
(191, 199, 202)
(233, 242, 247)
(254, 255, 255)
(255, 254, 252)
(254, 255, 255)
(254, 255, 255)
(255, 255, 253)
(255, 255, 253)
(255, 255, 253)
(255, 254, 252)
(255, 251, 250)
(233, 227, 227)
(212, 208, 209)
(241, 245, 246)
(252, 255, 255)
(255, 252, 251)
(200, 199, 197)
(203, 206, 211)
(248, 252, 253)
(255, 255, 246)
(242, 239, 230)
(190, 193, 198)
(240, 244, 255)
(253, 254, 255)
(255, 254, 255)
(241, 237, 234)
(193, 192, 188)
(241, 242, 246)
(252, 255, 255)
(254, 255, 255)
(249, 249, 247)
(255, 255, 251)
(255, 254, 251)
(227, 226, 224)
(203, 204, 208)
(249, 252, 255)
(254, 255, 255)
(254, 254, 254)
(255, 255, 253)
(255, 255, 253)
(254, 255, 255)
(255, 255, 253)
(255, 254, 253)
(255, 255, 253)
(251, 251, 251)
(255, 255, 253)
(255, 247, 244)
(206, 201, 197)
(219, 223, 226)
(248, 253, 255)
(252, 255, 255)
(253, 253, 253)
(221, 219, 220)
(208, 206, 207)
(248, 252, 253)
(251, 255, 254)
(255, 255, 253)
(254, 253, 251)
(254, 252, 253)
(254, 255, 253)
(253, 255, 252)
(254, 255, 255)
(251, 251, 251)
(252, 250, 251)
(255, 254, 255)
(254, 254, 254)
(255, 255, 253)
(254, 253, 249)
(251, 251, 251)
(252, 255, 255)
(252, 255, 255)
(255, 255, 253)
(255, 254, 250)
(219, 217, 218)
(211, 212, 214)
(252, 255, 255)
(254, 254, 252)
(255, 251, 246)
(237, 229, 226)
(202, 206, 209)
(242, 250, 253)
(252, 253, 255)
(255, 254, 252)
(230, 230, 230)
(195, 195, 195)
(240, 242, 241)
(253, 253, 253)
(255, 254, 255)
(255, 254, 255)
(248, 250, 249)
(254, 255, 255)
(221, 219, 220)
(207, 205, 206)
(252, 254, 253)
(253, 255, 254)
(255, 254, 255)
(254, 254, 254)
(255, 254, 255)
(252, 255, 255)
(254, 254, 252)
(255, 253, 250)
(230, 225, 222)
(199, 204, 208)
(246, 254, 255)
(251, 251, 251)
(255, 255, 253)
(227, 223, 224)
(195, 195, 197)
(239, 244, 247)
(250, 254, 255)
(238, 234, 231)
(203, 199, 196)
(237, 242, 245)
(251, 255, 255)
(255, 254, 248)
(243, 240, 235)
(188, 196, 199)
(233, 242, 249)
(254, 255, 255)
(255, 255, 253)
(255, 255, 253)
(252, 255, 255)
(252, 255, 255)
(255, 255, 253)
(255, 255, 253)
(252, 252, 252)
(255, 255, 253)
(255, 254, 251)
(236, 227, 228)
(208, 204, 205)
(247, 251, 254)
(252, 255, 255)
(255, 254, 251)
(233, 229, 228)
(191, 196, 202)
(237, 241, 244)
(255, 255, 243)
(241, 238, 229)
(196, 199, 204)
(231, 238, 248)
(254, 255, 255)
(255, 254, 255)
(243, 239, 236)
(196, 195, 191)
(241, 242, 246)
(249, 253, 255)
(250, 251, 253)
(255, 255, 253)
(255, 254, 250)
(255, 253, 250)
(233, 232, 230)
(205, 206, 210)
(248, 251, 255)
(254, 255, 255)
(253, 253, 253)
(255, 255, 253)
(255, 255, 253)
(254, 255, 255)
(255, 255, 253)
(255, 254, 253)
(255, 255, 253)
(241, 241, 239)
(203, 195, 192)
(197, 192, 188)
(194, 198, 201)
(195, 200, 204)
(215, 219, 222)
(220, 218, 219)
(207, 206, 204)
(248, 252, 251)
(249, 253, 252)
(255, 255, 253)
(219, 218, 216)
(199, 197, 198)
(195, 195, 195)
(195, 196, 191)
(211, 213, 210)
(251, 252, 254)
(254, 255, 255)
(255, 254, 253)
(253, 252, 250)
(212, 212, 212)
(194, 196, 195)
(200, 199, 197)
(194, 194, 194)
(194, 197, 202)
(192, 197, 201)
(248, 247, 243)
(255, 255, 250)
(219, 217, 220)
(211, 212, 216)
(251, 255, 255)
(255, 255, 253)
(255, 253, 248)
(234, 226, 223)
(200, 204, 207)
(248, 255, 255)
(253, 254, 255)
(255, 255, 253)
(237, 237, 237)
(200, 200, 200)
(236, 238, 237)
(220, 218, 219)
(206, 204, 205)
(252, 254, 253)
(253, 255, 254)
(219, 217, 218)
(207, 205, 206)
(250, 252, 251)
(253, 255, 254)
(255, 254, 255)
(254, 254, 254)
(254, 254, 254)
(255, 254, 255)
(254, 254, 254)
(252, 255, 255)
(251, 253, 250)
(255, 252, 250)
(235, 227, 225)
(202, 207, 211)
(245, 253, 255)
(253, 255, 254)
(255, 255, 253)
(244, 240, 241)
(194, 194, 196)
(235, 240, 243)
(251, 255, 255)
(246, 241, 238)
(196, 192, 189)
(235, 240, 243)
(250, 255, 255)
(255, 254, 248)
(241, 238, 231)
(193, 200, 206)
(232, 243, 249)
(252, 253, 255)
(255, 254, 252)
(255, 255, 253)
(252, 255, 255)
(252, 255, 255)
(255, 255, 253)
(255, 255, 251)
(255, 255, 253)
(255, 251, 250)
(255, 254, 251)
(234, 225, 226)
(207, 203, 204)
(250, 254, 255)
(248, 254, 254)
(255, 252, 249)
(243, 239, 238)
(191, 196, 202)
(236, 241, 245)
(255, 255, 244)
(241, 239, 227)
(193, 196, 203)
(235, 242, 252)
(253, 254, 255)
(255, 254, 255)
(243, 239, 236)
(195, 194, 190)
(238, 239, 243)
(252, 255, 255)
(254, 255, 255)
(254, 254, 254)
(253, 253, 251)
(255, 255, 251)
(255, 254, 251)
(230, 229, 227)
(203, 204, 208)
(250, 253, 255)
(252, 253, 255)
(255, 255, 253)
(255, 255, 253)
(254, 255, 255)
(255, 255, 253)
(255, 254, 253)
(255, 255, 253)
(255, 255, 253)
(255, 253, 250)
(204, 199, 195)
(217, 221, 224)
(251, 255, 255)
(252, 255, 255)
(221, 219, 220)
(206, 205, 203)
(247, 252, 246)
(250, 255, 251)
(224, 222, 223)
(223, 221, 222)
(255, 254, 255)
(246, 247, 242)
(195, 195, 193)
(232, 235, 240)
(254, 255, 255)
(253, 249, 246)
(216, 213, 208)
(213, 215, 214)
(252, 253, 255)
(255, 255, 253)
(217, 217, 217)
(193, 196, 201)
(245, 250, 254)
(255, 255, 251)
(255, 255, 250)
(222, 220, 223)
(209, 210, 214)
(250, 254, 255)
(255, 255, 253)
(255, 253, 248)
(236, 228, 225)
(203, 207, 210)
(244, 252, 255)
(254, 255, 255)
(255, 254, 252)
(230, 230, 230)
(192, 192, 192)
(240, 242, 241)
(220, 218, 219)
(206, 204, 205)
(254, 255, 255)
(253, 255, 254)
(221, 219, 220)
(205, 203, 204)
(254, 255, 255)
(253, 255, 254)
(253, 253, 253)
(255, 254, 255)
(254, 254, 254)
(255, 255, 253)
(253, 252, 250)
(252, 255, 255)
(254, 255, 253)
(255, 252, 250)
(236, 228, 226)
(201, 206, 210)
(247, 255, 255)
(254, 255, 255)
(255, 255, 253)
(233, 229, 230)
(196, 196, 198)
(237, 242, 245)
(251, 255, 255)
(241, 236, 233)
(201, 197, 194)
(238, 243, 246)
(248, 254, 254)
(255, 254, 248)
(244, 241, 234)
(186, 193, 199)
(235, 246, 252)
(254, 255, 255)
(255, 255, 253)
(255, 255, 253)
(251, 255, 255)
(252, 255, 255)
(255, 255, 253)
(255, 255, 251)
(254, 254, 254)
(255, 255, 253)
(255, 254, 253)
(255, 253, 250)
(236, 227, 228)
(209, 205, 206)
(247, 251, 254)
(251, 255, 255)
(255, 254, 251)
(228, 224, 223)
(195, 200, 206)
(233, 238, 242)
(255, 255, 244)
(242, 240, 228)
(196, 199, 206)
(234, 241, 251)
(254, 255, 255)
(254, 252, 253)
(243, 239, 236)
(197, 196, 192)
(240, 241, 245)
(252, 255, 255)
(252, 253, 255)
(255, 255, 253)
(255, 254, 250)
(255, 254, 251)
(235, 234, 232)
(199, 200, 204)
(250, 253, 255)
(253, 254, 255)
(254, 254, 254)
(255, 255, 253)
(255, 255, 253)
(254, 255, 255)
(255, 255, 253)
(255, 254, 253)
(255, 255, 253)
(255, 255, 253)
(255, 249, 246)
(208, 203, 199)
(220, 224, 227)
(248, 253, 255)
(251, 255, 255)
(221, 219, 220)
(207, 206, 204)
(250, 255, 248)
(252, 255, 251)
(255, 253, 254)
(255, 251, 255)
(255, 255, 250)
(213, 214, 209)
(205, 208, 215)
(252, 255, 255)
(255, 255, 250)
(200, 197, 190)
(229, 231, 230)
(252, 255, 255)
(255, 255, 253)
(240, 240, 240)
(197, 200, 205)
(236, 240, 243)
(255, 255, 253)
(244, 243, 239)
(196, 194, 195)
(233, 234, 236)
(252, 255, 255)
(255, 255, 253)
(255, 249, 244)
(232, 224, 221)
(207, 211, 214)
(245, 253, 255)
(254, 255, 255)
(246, 245, 243)
(196, 196, 196)
(219, 219, 219)
(251, 253, 252)
(254, 254, 254)
(218, 216, 217)
(203, 201, 202)
(251, 253, 252)
(254, 255, 255)
(218, 216, 217)
(207, 205, 206)
(249, 251, 250)
(254, 255, 255)
(255, 254, 255)
(254, 254, 254)
(252, 251, 249)
(255, 255, 253)
(254, 255, 255)
(252, 252, 250)
(255, 253, 250)
(232, 227, 224)
(201, 206, 210)
(244, 252, 255)
(254, 255, 255)
(248, 247, 245)
(198, 196, 197)
(205, 205, 207)
(251, 255, 255)
(251, 255, 254)
(240, 236, 233)
(200, 196, 193)
(235, 240, 243)
(249, 255, 255)
(255, 254, 248)
(242, 239, 234)
(189, 197, 200)
(233, 242, 249)
(252, 253, 255)
(255, 254, 252)
(255, 254, 252)
(252, 255, 255)
(252, 255, 255)
(255, 254, 252)
(254, 254, 252)
(252, 251, 249)
(255, 254, 251)
(232, 223, 224)
(207, 203, 204)
(250, 254, 255)
(248, 252, 253)
(251, 247, 244)
(204, 200, 199)
(207, 212, 218)
(251, 255, 255)
(255, 255, 244)
(239, 236, 227)
(192, 195, 200)
(234, 241, 251)
(253, 254, 255)
(255, 253, 254)
(245, 241, 238)
(199, 198, 194)
(237, 238, 242)
(252, 255, 255)
(254, 255, 255)
(255, 255, 253)
(255, 255, 251)
(255, 253, 250)
(238, 237, 235)
(197, 198, 202)
(238, 241, 246)
(254, 255, 255)
(255, 255, 253)
(255, 255, 253)
(254, 255, 255)
(255, 255, 253)
(255, 254, 253)
(255, 255, 253)
(251, 251, 251)
(255, 255, 253)
(255, 250, 247)
(208, 203, 199)
(221, 225, 228)
(251, 255, 255)
(252, 255, 255)
(254, 254, 255)
(217, 215, 218)
(204, 203, 201)
(253, 255, 249)
(251, 254, 247)
(255, 253, 254)
(215, 210, 216)
(190, 190, 192)
(195, 195, 193)
(197, 194, 187)
(194, 193, 189)
(203, 207, 216)
(251, 254, 255)
(255, 253, 248)
(217, 213, 204)
(209, 213, 214)
(251, 255, 255)
(253, 253, 251)
(217, 217, 215)
(193, 197, 200)
(246, 250, 253)
(235, 235, 233)
(203, 202, 198)
(241, 239, 240)
(253, 253, 255)
(254, 255, 255)
(255, 255, 253)
(255, 253, 250)
(239, 231, 228)
(187, 191, 194)
(190, 195, 199)
(195, 196, 198)
(195, 195, 195)
(224, 224, 224)
(250, 250, 250)
(254, 255, 255)
(220, 218, 219)
(208, 206, 207)
(253, 255, 254)
(254, 255, 255)
(222, 220, 221)
(211, 209, 210)
(247, 249, 248)
(253, 255, 254)
(255, 253, 254)
(255, 255, 253)
(255, 254, 252)
(252, 254, 253)
(255, 255, 253)
(255, 252, 249)
(234, 229, 226)
(192, 197, 201)
(192, 200, 203)
(194, 196, 195)
(192, 191, 189)
(225, 223, 224)
(254, 255, 255)
(249, 253, 255)
(250, 254, 253)
(248, 244, 241)
(197, 193, 190)
(241, 245, 246)
(252, 255, 255)
(255, 253, 247)
(237, 234, 229)
(192, 200, 203)
(235, 244, 249)
(253, 254, 255)
(255, 254, 252)
(254, 254, 254)
(252, 253, 255)
(252, 253, 255)
(255, 255, 253)
(255, 255, 253)
(254, 254, 252)
(255, 255, 253)
(255, 253, 252)
(232, 226, 226)
(199, 195, 196)
(192, 196, 197)
(196, 200, 201)
(197, 193, 192)
(220, 219, 217)
(252, 255, 255)
(251, 255, 255)
(255, 253, 244)
(246, 243, 234)
(194, 197, 202)
(235, 239, 250)
(254, 255, 255)
(255, 253, 254)
(240, 236, 233)
(196, 195, 191)
(235, 236, 240)
(252, 255, 255)
(254, 255, 255)
(252, 252, 252)
(255, 255, 253)
(255, 255, 251)
(255, 254, 251)
(255, 254, 252)
(249, 250, 254)
(199, 202, 207)
(231, 232, 234)
(254, 254, 254)
(255, 255, 253)
(255, 255, 253)
(254, 255, 255)
(255, 255, 253)
(255, 254, 253)
(255, 255, 253)
(254, 254, 254)
(255, 255, 253)
(255, 250, 247)
(201, 196, 192)
(217, 221, 224)
(250, 255, 255)
(252, 255, 255)
(222, 220, 223)
(206, 205, 203)
(252, 255, 248)
(252, 255, 248)
(218, 214, 215)
(206, 201, 205)
(252, 252, 254)
(255, 255, 253)
(255, 255, 248)
(210, 209, 205)
(208, 212, 223)
(251, 255, 255)
(255, 252, 248)
(213, 209, 200)
(187, 191, 192)
(193, 198, 202)
(195, 195, 195)
(200, 200, 198)
(246, 247, 249)
(254, 255, 255)
(251, 253, 252)
(250, 250, 248)
(203, 201, 202)
(231, 231, 231)
(253, 255, 254)
(250, 250, 248)
(255, 252, 249)
(233, 228, 225)
(209, 210, 212)
(247, 252, 255)
(254, 255, 255)
(252, 252, 252)
(252, 254, 253)
(218, 216, 217)
(207, 205, 206)
(246, 248, 247)
(253, 255, 254)
(218, 216, 217)
(204, 202, 203)
(249, 251, 250)
(254, 255, 255)
(255, 254, 255)
(254, 254, 254)
(255, 255, 253)
(255, 255, 253)
(253, 253, 253)
(255, 255, 253)
(255, 254, 250)
(228, 224, 221)
(200, 205, 209)
(242, 250, 253)
(255, 255, 253)
(253, 253, 255)
(254, 255, 255)
(251, 255, 255)
(254, 255, 255)
(239, 235, 232)
(199, 195, 192)
(232, 236, 237)
(251, 255, 255)
(255, 255, 250)
(241, 238, 233)
(192, 197, 201)
(233, 240, 246)
(254, 255, 255)
(255, 255, 253)
(254, 255, 255)
(254, 254, 255)
(254, 254, 254)
(255, 255, 253)
(255, 255, 253)
(252, 254, 253)
(253, 253, 253)
(252, 250, 251)
(255, 254, 253)
(232, 228, 227)
(208, 206, 207)
(248, 249, 251)
(252, 253, 255)
(255, 255, 253)
(252, 250, 251)
(252, 255, 255)
(252, 255, 255)
(255, 255, 246)
(238, 235, 228)
(191, 194, 199)
(236, 240, 249)
(252, 253, 255)
(255, 253, 254)
(242, 238, 235)
(199, 198, 194)
(240, 241, 245)
(251, 255, 255)
(253, 254, 255)
(253, 253, 251)
(255, 255, 251)
(255, 251, 248)
(249, 248, 246)
(198, 199, 203)
(226, 229, 234)
(254, 255, 255)
(251, 251, 251)
(255, 255, 253)
(255, 255, 253)
(254, 255, 255)
(255, 255, 253)
(255, 254, 253)
(255, 255, 253)
(253, 253, 251)
(255, 253, 250)
(205, 200, 196)
(222, 226, 229)
(251, 255, 255)
(250, 254, 255)
(219, 217, 218)
(203, 202, 200)
(254, 255, 250)
(242, 245, 238)
(198, 194, 195)
(237, 232, 236)
(253, 253, 255)
(254, 254, 254)
(255, 253, 244)
(211, 210, 205)
(207, 214, 222)
(245, 249, 255)
(252, 247, 243)
(206, 201, 195)
(234, 238, 239)
(249, 255, 255)
(251, 253, 252)
(251, 251, 249)
(254, 255, 255)
(254, 255, 255)
(249, 251, 250)
(222, 220, 221)
(212, 210, 211)
(255, 255, 253)
(255, 254, 251)
(229, 224, 221)
(200, 201, 203)
(252, 255, 255)
(254, 255, 255)
(252, 253, 255)
(253, 253, 253)
(251, 253, 252)
(253, 253, 253)
(223, 221, 222)
(210, 208, 209)
(248, 250, 249)
(254, 255, 255)
(224, 222, 223)
(203, 201, 202)
(254, 255, 255)
(254, 255, 255)
(255, 253, 254)
(254, 254, 254)
(255, 255, 253)
(255, 255, 253)
(254, 252, 253)
(253, 252, 250)
(255, 254, 250)
(232, 231, 227)
(200, 205, 209)
(249, 255, 255)
(251, 251, 253)
(255, 255, 253)
(254, 255, 255)
(251, 255, 255)
(254, 255, 255)
(240, 235, 232)
(201, 197, 194)
(241, 242, 244)
(252, 255, 255)
(255, 255, 250)
(240, 239, 235)
(191, 195, 198)
(234, 239, 243)
(254, 255, 255)
(254, 254, 255)
(254, 255, 255)
(254, 255, 255)
(255, 255, 253)
(253, 253, 251)
(254, 255, 255)
(253, 255, 254)
(255, 252, 253)
(255, 254, 255)
(231, 227, 226)
(204, 203, 201)
(254, 255, 255)
(253, 255, 254)
(254, 252, 253)
(255, 254, 255)
(253, 255, 254)
(249, 251, 248)
(255, 255, 248)
(245, 242, 237)
(193, 196, 201)
(237, 240, 247)
(254, 255, 255)
(255, 254, 255)
(241, 237, 234)
(195, 194, 190)
(244, 245, 249)
(252, 255, 255)
(251, 252, 254)
(253, 253, 253)
(255, 255, 253)
(253, 252, 248)
(255, 254, 251)
(228, 227, 225)
(201, 202, 206)
(250, 253, 255)
(252, 253, 255)
(255, 255, 253)
(255, 255, 253)
(254, 255, 255)
(255, 255, 253)
(255, 254, 253)
(255, 255, 253)
(254, 254, 252)
(255, 253, 250)
(204, 199, 195)
(217, 221, 224)
(251, 255, 255)
(252, 255, 255)
(253, 253, 255)
(222, 220, 221)
(207, 206, 204)
(251, 253, 248)
(251, 253, 248)
(208, 204, 203)
(214, 210, 211)
(255, 254, 255)
(223, 218, 212)
(193, 192, 187)
(205, 212, 220)
(249, 255, 255)
(255, 251, 247)
(205, 200, 194)
(195, 199, 200)
(187, 195, 198)
(196, 198, 197)
(199, 199, 199)
(203, 203, 203)
(253, 253, 255)
(249, 253, 252)
(254, 255, 255)
(221, 219, 220)
(213, 211, 212)
(254, 254, 252)
(252, 252, 250)
(255, 254, 251)
(231, 227, 226)
(207, 207, 207)
(251, 255, 255)
(250, 251, 253)
(254, 255, 255)
(253, 255, 254)
(220, 218, 219)
(202, 200, 201)
(253, 255, 254)
(254, 255, 255)
(221, 219, 220)
(203, 201, 202)
(252, 254, 253)
(253, 255, 254)
(254, 254, 254)
(255, 254, 255)
(255, 254, 252)
(253, 252, 250)
(255, 254, 255)
(255, 254, 253)
(251, 248, 243)
(229, 228, 224)
(203, 208, 212)
(246, 251, 255)
(254, 253, 251)
(254, 255, 255)
(252, 255, 255)
(253, 254, 255)
(242, 237, 234)
(196, 193, 188)
(239, 241, 240)
(251, 253, 252)
(255, 252, 249)
(241, 240, 236)
(198, 202, 205)
(233, 238, 242)
(254, 255, 255)
(252, 252, 254)
(255, 255, 253)
(254, 254, 252)
(251, 252, 255)
(251, 255, 255)
(255, 255, 253)
(255, 255, 251)
(254, 255, 255)
(254, 255, 255)
(255, 253, 255)
(254, 248, 252)
(230, 228, 229)
(207, 207, 205)
(246, 246, 246)
(252, 252, 254)
(255, 255, 253)
(255, 255, 251)
(255, 252, 245)
(242, 241, 237)
(195, 196, 200)
(233, 236, 243)
(254, 255, 255)
(255, 254, 255)
(240, 236, 233)
(195, 194, 190)
(238, 239, 243)
(251, 255, 255)
(254, 255, 255)
(249, 249, 247)
(255, 255, 251)
(255, 254, 251)
(229, 228, 226)
(206, 207, 211)
(252, 255, 255)
(248, 249, 251)
(255, 255, 253)
(255, 255, 253)
(254, 255, 255)
(255, 255, 253)
(255, 254, 253)
(255, 255, 253)
(255, 255, 253)
(255, 247, 244)
(214, 209, 205)
(216, 220, 223)
(247, 252, 255)
(252, 255, 255)
(217, 215, 216)
(211, 211, 209)
(248, 250, 247)
(254, 255, 251)
(247, 243, 240)
(199, 195, 194)
(195, 194, 199)
(195, 195, 197)
(216, 211, 205)
(220, 217, 212)
(203, 212, 217)
(249, 255, 255)
(255, 253, 250)
(215, 210, 206)
(227, 231, 232)
(249, 255, 255)
(254, 255, 255)
(253, 253, 253)
(207, 205, 206)
(207, 207, 207)
(248, 252, 253)
(252, 255, 255)
(223, 221, 222)
(209, 207, 208)
(255, 255, 253)
(255, 255, 253)
(255, 252, 251)
(230, 226, 225)
(209, 209, 207)
(248, 250, 249)
(253, 254, 255)
(254, 255, 255)
(253, 253, 253)
(254, 255, 255)
(220, 218, 219)
(207, 205, 206)
(248, 250, 249)
(254, 255, 255)
(217, 215, 216)
(213, 211, 212)
(246, 248, 247)
(254, 255, 255)
(255, 254, 255)
(253, 253, 253)
(255, 255, 253)
(255, 255, 253)
(255, 252, 253)
(255, 254, 253)
(255, 255, 250)
(231, 232, 227)
(202, 207, 211)
(247, 252, 255)
(253, 253, 255)
(255, 255, 253)
(247, 251, 252)
(252, 255, 255)
(254, 255, 255)
(250, 248, 249)
(247, 243, 240)
(200, 197, 192)
(241, 241, 241)
(254, 254, 254)
(255, 254, 251)
(240, 236, 235)
(196, 197, 199)
(191, 195, 198)
(193, 194, 196)
(195, 195, 197)
(199, 200, 202)
(223, 223, 223)
(252, 248, 245)
(255, 255, 253)
(252, 255, 255)
(251, 255, 255)
(253, 253, 251)
(255, 255, 251)
(249, 253, 252)
(254, 255, 255)
(255, 253, 255)
(255, 252, 255)
(228, 226, 227)
(208, 208, 206)
(253, 253, 253)
(254, 254, 255)
(255, 254, 255)
(254, 255, 250)
(255, 255, 250)
(255, 255, 250)
(235, 234, 230)
(196, 197, 201)
(240, 243, 248)
(253, 254, 255)
(254, 252, 253)
(242, 238, 235)
(197, 196, 192)
(196, 197, 201)
(190, 194, 197)
(194, 195, 197)
(195, 195, 195)
(224, 224, 222)
(255, 255, 251)
(254, 250, 247)
(232, 231, 229)
(204, 205, 209)
(250, 253, 255)
(254, 255, 255)
(251, 251, 251)
(255, 255, 253)
(254, 255, 255)
(255, 255, 253)
(255, 255, 253)
(254, 254, 254)
(254, 254, 254)
(255, 252, 248)
(255, 253, 250)
(252, 253, 255)
(252, 255, 255)
(253, 254, 255)
(254, 254, 254)
(251, 251, 249)
(254, 255, 253)
(253, 255, 252)
(255, 255, 251)
(255, 255, 253)
(254, 253, 255)
(255, 253, 249)
(255, 255, 251)
(249, 255, 255)
(250, 255, 255)
(234, 230, 229)
(199, 195, 192)
(246, 250, 251)
(251, 255, 255)
(253, 254, 255)
(231, 229, 230)
(198, 198, 198)
(247, 248, 250)
(254, 255, 255)
(218, 216, 217)
(214, 212, 213)
(255, 255, 253)
(255, 255, 253)
(255, 255, 253)
(255, 255, 253)
(250, 250, 248)
(254, 255, 255)
(253, 254, 255)
(253, 254, 255)
(254, 255, 255)
(252, 252, 252)
(254, 252, 253)
(255, 254, 255)
(254, 255, 255)
(254, 255, 255)
(255, 254, 255)
(254, 252, 253)
(254, 255, 255)
(254, 255, 255)
(252, 252, 252)
(255, 253, 254)
(253, 253, 253)
(254, 254, 252)
(255, 255, 253)
(255, 254, 255)
(255, 252, 251)
(254, 253, 249)
(255, 255, 253)
(247, 251, 254)
(252, 255, 255)
(255, 253, 254)
(254, 255, 255)
(252, 255, 255)
(254, 255, 255)
(255, 254, 255)
(254, 250, 247)
(255, 255, 251)
(254, 254, 254)
(255, 254, 253)
(254, 253, 251)
(254, 255, 255)
(254, 255, 255)
(254, 254, 255)
(252, 253, 255)
(255, 254, 253)
(255, 254, 252)
(251, 255, 255)
(252, 255, 255)
(255, 254, 252)
(254, 255, 255)
(254, 255, 255)
(255, 253, 255)
(255, 251, 255)
(253, 255, 252)
(252, 252, 252)
(252, 253, 255)
(254, 255, 255)
(255, 255, 251)
(255, 255, 250)
(255, 254, 251)
(255, 255, 253)
(252, 253, 255)
(251, 255, 255)
(254, 255, 255)
(254, 252, 253)
(255, 254, 253)
(253, 252, 250)
(253, 254, 255)
(252, 255, 255)
(254, 255, 255)
(254, 254, 254)
(254, 254, 252)
(255, 255, 253)
(255, 254, 251)
(233, 232, 230)
(203, 204, 208)
(248, 252, 255)
(252, 253, 255)
(255, 255, 253)
(255, 255, 253)
(254, 255, 255)
(255, 255, 253)
(255, 254, 252)
(255, 255, 253)
(254, 255, 255)
(254, 255, 255)
(226, 224, 225)
(202, 201, 199)
(227, 229, 228)
(254, 255, 255)
(249, 249, 249)
(205, 205, 205)
(210, 210, 210)
(229, 229, 229)
(205, 205, 205)
(252, 252, 252)
(253, 253, 253)
(254, 254, 254)
(252, 252, 252)
(252, 252, 252)
(251, 251, 251)
(254, 254, 254)
(254, 254, 254)
(255, 254, 255)
(253, 251, 252)
(255, 255, 253)
(254, 255, 255)
(254, 255, 255)
(254, 255, 255)
(255, 255, 253)
(255, 255, 253)
(255, 254, 255)
(252, 252, 252)
(254, 252, 253)
(254, 255, 255)
(252, 253, 255)
(254, 254, 254)
(251, 249, 250)
(255, 254, 255)
(253, 253, 253)
(255, 255, 253)
(255, 255, 253)
(255, 255, 253)
(254, 255, 255)
(255, 254, 255)
(254, 255, 255)
(250, 250, 250)
(255, 255, 253)
(218, 218, 218)
(211, 211, 213)
(254, 255, 255)
(254, 254, 254)
(251, 251, 251)
(254, 254, 254)
(223, 223, 223)
(201, 201, 201)
(195, 195, 195)
(196, 196, 196)
(195, 195, 195)
(221, 221, 221)
(253, 253, 253)
(245, 245, 245)
(200, 200, 200)
(198, 198, 198)
(236, 236, 236)
(254, 254, 254)
(254, 254, 254)
(251, 251, 251)
(249, 249, 249)
(206, 206, 206)
(192, 192, 192)
(195, 195, 195)
(200, 200, 200)
(192, 192, 192)
(195, 195, 195)
(193, 193, 193)
(196, 196, 196)
(201, 201, 201)
(247, 247, 247)
(252, 252, 252)
(253, 253, 253)
(243, 243, 243)
(207, 207, 207)
(192, 192, 192)
(194, 194, 194)
(194, 194, 194)
(197, 197, 197)
(195, 195, 195)
(195, 195, 195)
(192, 192, 192)
(201, 201, 201)
(244, 244, 244)
(251, 251, 251)
(204, 204, 204)
(192, 192, 192)
(234, 234, 234)
(254, 254, 254)
(254, 254, 254)
(254, 254, 254)
(254, 254, 254)
(253, 253, 253)
(254, 254, 254)
(253, 253, 253)
(254, 254, 254)
(254, 254, 254)
(254, 254, 254)
(254, 254, 254)
(253, 253, 253)
(254, 254, 254)
(253, 253, 253)
(253, 253, 253)
(253, 253, 253)
(252, 252, 252)
(253, 253, 253)
(253, 253, 253)
(254, 254, 254)
(254, 254, 254)
(254, 254, 254)
(253, 253, 253)
(251, 251, 251)
(254, 254, 254)
(253, 253, 253)
(251, 251, 251)
(251, 251, 251)
(251, 251, 251)
(252, 252, 252)
(251, 251, 251)
(250, 250, 250)
(254, 254, 254)
(250, 250, 250)
(254, 254, 254)
(252, 252, 252)
(252, 252, 252)
(252, 252, 252)
(252, 252, 252)
(253, 253, 253)
(253, 253, 253)
(253, 253, 253)
(252, 252, 252)
(253, 253, 253)
(252, 252, 252)
(251, 251, 251)
(253, 253, 253)
(254, 254, 254)
(250, 250, 250)
(251, 251, 251)
(250, 250, 250)
(253, 253, 253)
(254, 254, 254)
(253, 253, 253)
(250, 250, 250)
(251, 251, 251)
(253, 253, 253)
(252, 252, 252)
(253, 253, 253)
(254, 254, 254)
(254, 254, 254)
(253, 253, 253)
(253, 253, 253)
(254, 254, 254)
(253, 253, 253)
(253, 253, 253)
(251, 251, 251)
(251, 251, 251)
(253, 253, 253)
(253, 253, 253)
(253, 253, 253)
(254, 254, 254)
(254, 254, 254)
(254, 254, 254)
(254, 254, 254)
(253, 253, 253)
(254, 254, 254)
(253, 253, 253)
(250, 250, 250)
(253, 253, 253)
(253, 253, 253)
(254, 254, 254)
(254, 254, 254)
(254, 254, 254)
(254, 254, 254)
(252, 252, 252)
(253, 253, 253)
(254, 254, 254)
(253, 253, 253)
(251, 251, 251)
(254, 254, 254)
(251, 251, 251)
(254, 254, 254)
(254, 254, 254)
(254, 254, 254)
(253, 253, 253)
(254, 254, 254)
(254, 254, 254)
(253, 253, 253)
(253, 253, 253)
(254, 254, 254)
(254, 254, 254)
(252, 252, 252)
(252, 252, 252)
(254, 254, 254)
(252, 252, 252)
(252, 252, 252)
(254, 254, 254)
(252, 252, 252)
(254, 254, 254)
(252, 252, 252)
(253, 253, 253)
(254, 254, 254)
(251, 251, 251)
(254, 254, 254)
(252, 252, 252)
(254, 254, 254)
(254, 254, 254)
(249, 249, 249)
(254, 254, 254)
(254, 254, 254)
(252, 252, 252)
(254, 254, 254)
(254, 254, 254)
(254, 254, 254)
(254, 254, 254)
(253, 253, 253)
(253, 253, 253)
(252, 252, 252)
(252, 252, 252)
(252, 252, 252)
(254, 254, 254)
(253, 253, 253)
(253, 253, 253)
(254, 254, 254)
(254, 254, 254)
(254, 254, 254)
(254, 254, 254)
(254, 254, 254)
(252, 252, 252)
(252, 252, 252)
(253, 253, 253)
(253, 253, 253)
(254, 254, 254)
(254, 254, 254)
(253, 253, 253)
(253, 253, 253)
(254, 254, 254)
(254, 254, 254)
(254, 254, 254)
(253, 253, 253)
(252, 252, 252)
(252, 252, 252)
